1349585838
1220800359
316668567
251160124
201009622
193238868
174507539
163654860
142500482
127253075
116220947
105720644
93877025
92477857
85294388
81147265
80694485
79853900
75507308
67448120
65951611
63395574
61482297
55167330
48955203
48601098
48261942
47370542
45745783
44573205
44037656
42610981
38383809
38087812
34847910
34758809
34568211
32649130
31858481
31108077
30430267
29849303
29628392
28661637
28459085
26939583
25408288
25199609
24720407
24096669
23299716
22599098
22457336
22400835
22262501
21790479
21675648
20549221
18565269
17812961
17736896
17216945
16899327
16805037
16777547
15968882
15439429
15205539
14373472
14222233
13300410
13182908
12012589
11193452
11176026
11090104
11061886
10888321
10835873
10799270
10772967
10461053
10444268
10251568
10219630
10162921
9939470
9893934
9877292
9625888
9590159
9119423
8448465
8221646
7996026
7910041
7707042
7243007
7182724
7154237
6981642
6695166
6623252
6482081
6431902
6233682
6108590
6002347
5788531
5612685
5556452
5548042
5488339
5473972
5460302
5266114
5166510
5113040
4775982
4722701
4695942
4555911
4492689
4475611
4365113
4131583
3989703
3875723
3674209
3619925
3559408
3515858
3437610
3324460
3226516
3154134
3011405
2974184
2909714
2695316
2676740
2182852
2178443
2127825
2087171
2042444
1992690
1936181
1883051
1847708
1763387
1660870
1640286
1403362
1322238
1281332
1266375
1225225
1172390
1155403
896758
792198
752288
739903
725296
704001
653474
597248
583003
566846
538811
531046
514862
415717
411277
393988
334297
319031
315281
288725
277293
264022
261565
195476
186817
162781
160378
146836
109590
109153
106322
106104
104737
103248
103220
95732
90846
90156
86159
85293
73286
69747
69467
65605
57714
54719
53737
51170
51134
49709
47754
39689
37009
32448
31912
31264
30500
29111
21108
15754
15700
15700
15507
10698
10447
9434
7754
7298
5774
5189
3140
2196
1921
1513
1353
1229
839
596
48
